Solved system:
x1=3.22143
x2=2.48571
x3=0.714286
x4=-0.0214286
