Solved system:
x1=2.47251
x2=-0.135438
x3=6.65784
x4=-5.19857
